INSTRUMENT_TYPE=SBE4
SERIALNO=0864
CCALDATE=27-Sep-23
CG=-1.01119280e+001
CH= 1.25441386e+000
CI=-1.04010013e-003
CJ= 1.20581886e-004
CTCOR= 3.25000e-006
CPCOR=-9.57000e-008
