INSTRUMENT_TYPE=SBE43
SERIALNO=0343
OCALDATE=05-Dec-23
SOC= 5.118068e-001
VOFFSET=-5.216798e-001
A=-4.536816e-003
B= 1.685013e-004
C=-2.426250e-006
E= 3.600000e-002
Tau20= 1.090000e+000
