PCALDATE = 21-Mar-24
C1=-5.378517e+004
C2=-3.498580e-001
C3= 1.648580e-002
D1= 4.036100e-002
D2= 0.000000e+000
T1= 2.984744e+001
T2=-3.538190e-004
T3= 3.972770e-006
T4= 2.922330e-009
T5= 0.000000e+000
AD590M= 1.12580e-002
AD590B=-8.76349e+000
SLOPE= 0.99992
OFFSET= 0.0911
