INSTRUMENT_TYPE=SBE3
SERIALNO=4333
TCALDATE=31-Jan-24
TG= 4.34818646e-003
TH= 6.40504800e-004
TI= 2.24730152e-005
TJ= 2.10891428e-006
TF0=1000.0
