INSTRUMENT_TYPE=SBE43
SERIALNO=0348
OCALDATE=13-Feb-24
SOC= 4.494678e-001
VOFFSET=-5.357916e-001
A=-3.261871e-003
B= 1.548998e-004
C=-2.061634e-006
E= 3.600000e-002
Tau20= 1.240000e+000
