INSTRUMENT_TYPE=SBE3
SERIALNO=2107
TCALDATE=18-Feb-23
TG= 4.09067895e-003
TH= 6.23929151e-004
TI= 2.01284338e-005
TJ= 2.09616018e-006
TF0=1000.0
