INSTRUMENT_TYPE=SBE43
SERIALNO=1339
OCALDATE=06-Dec-23
SOC= 5.889283e-001
VOFFSET=-4.792707e-001
A=-5.254956e-003
B= 1.918895e-004
C=-2.586150e-006
E= 3.600000e-002
Tau20= 1.310000e+000
