INSTRUMENT_TYPE=SBE4
SERIALNO=3220
CCALDATE=20-Sep-23
CG=-1.01371079e+001
CH= 1.39331555e+000
CI= 2.05543125e-004
CJ= 5.80238580e-005
CTCOR= 3.25000e-006
CPCOR=-9.57000e-008
