INSTRUMENT_TYPE=SBE4
SERIALNO=2459
CCALDATE=12-Oct-23
CG=-1.00816424e+001
CH= 1.26155715e+000
CI=-4.05206883e-003
CJ= 3.51763036e-004
CTCOR= 3.25000e-006
CPCOR=-9.57000e-008
