INSTRUMENT_TYPE=SBE43
SERIALNO=0345
OCALDATE=05-Dec-23
SOC= 3.637089e-001
VOFFSET=-6.988105e-001
A=-4.255561e-003
B= 1.665052e-004
C=-2.192978e-006
E= 3.600000e-002
Tau20= 1.220000e+000
